184076
306145
601045
1185321
1328501
2169449
4180923
5534998
7121255
8260849
9138858
9416404
9478783
10245458
12662832
14284729
16942028
17210395
17640761
18644306
19081492
20376843
25386063
26644850
27441778
28118009
32261989
34355434
35038827
36681003
39193696
40593153
42861082
44190476
45911509
50334653
53577366
55730436
57347826
63366431
63500019
63576303
68040082
69508188
72888329
73130882
80244977
80347898
86903682
91080358
93149250
93233616
94101378
95834942
96721519
97869045
98525129
101508484
113629222
119004634
122455649
123787648
123808898
124419279
125274171
131647546
133279011
134238254
135101838
137206477
139908139
142034649
143122406
147093195
148488654
150337626
155334587
156391763
160399208
163287598
169344235
171671869
174351315
174358591
177522910
177872676
178584779
179448258
181944602
182476126
182947520
183359177
184105664
185207628
185493415
186272295
186814349
187860517
190499237
194178264
197905570
201341664
206433296
208864920
215494701
217276329
218116275
232467378
236521804
242708938
246252239
250641378
251226027
251763093
251923798
252959098
257198811
259892115
266215980
272824214
281270052
289844490
290371716
294714578
297230156
300283324
307227861
309496831
310921460
312041364
314775045
316471299
320567096
321500933
336835538
339695259
350385997
357809256
357872652
361057079
364537555
365144058
369090135
384492691
385923536
390560475
393964068
394173281
410151749
414887075
423294594
429224127
429283595
429676844
431821029
433248344
433685658
436229395
440256589
445013688
446168694
449493698
453508470
455285811
462017907
465341439
474153490
476363002
476519554
485146468
492393200
495241812
496893788
508364677
511149239
515566667
516453406
525385035
527632791
528720957
529339878
529448011
533512685
534406547
539636141
539841441
544621117
546308558
548879512
549370699
549379261
550648537
550676125
551762470
552600141
554757573
559248516
562967476
563289436
563648885
570712245
570716643
573593437
574420094
584412614
590427334
597638369
606180827
606627764
611050710
613587253
618497061
647494193
650090064
650593101
657362064
668799041
692886023
693545517
728868109
765543344
790826661
852218574
874301622
